33916607
33240524
57090064
14262538
123958089
71865756
62080974
29120918
82749019
293923281
2095169
38695273
50924387
32700387
14172901
4193276
1325484
1146664
3452449
1536401
2409802
5261370
791366
691976
503875
1548161
1658388
3191767
6983830
4274951
1862669
73836011
125230996
98636754
31838366
14165909
71872374
78591086
74408748
4935799
78907294
83211658
41130395
228322997
20273789
76534339
36126471
141101884
71342780
369415066
18220031
26754152
45664632
403927918
39906920
177904110
1090555
2408502
